Device ID: 1
<<<<<<< HEAD
[[0.99944117, 0.03194433, -0.00985632, 0.09224067],
  [-0.03193523, 0.99948928, 0.00107934, 0.45294109],
  [0.00988576, -0.00076398, 0.99995095, -0.05113938],
  [0.00000000, 0.00000000, 0.00000000, 1.00000000]]

Device ID: 2
[[0.99944117, 0.03194433, -0.00985632, 0.09224067],
  [-0.03193523, 0.99948928, 0.00107934, 0.45294109],
  [0.00988576, -0.00076398, 0.99995095, -0.05113938],
=======
[[0.99970458, 0.00200315, 0.02421985, -0.03225992],
  [-0.00228383, 0.99993066, 0.01156642, -0.00895365],
  [-0.02419500, -0.01161832, 0.99963981, 0.10984684],
  [0.00000000, 0.00000000, 0.00000000, 1.00000000]]

Device ID: 2
[[0.99970458, 0.00200315, 0.02421985, -0.03225992],
  [-0.00228383, 0.99993066, 0.01156642, -0.00895365],
  [-0.02419500, -0.01161832, 0.99963981, 0.10984684],
>>>>>>> 38a7e901473e2eb7cd9f5f07a3e750ff014220b6
  [0.00000000, 0.00000000, 0.00000000, 1.00000000]]

