P2: 508.4978239846 0 336 0 508.7741041502 272 0 0 1
D: 0 0 0 0 0
Tr: -0.0941605 -0.994948 0.0347966 2.11259 -0.0430009 -0.0308546 -0.998598 1.32903 0.99463 -0.0955246 -0.0398809 1.2952