Extrinsic:
R:
<<<<<<< HEAD
-0.0178679 -0.999815 0.00707175
-0.0174373 -0.00676014 -0.999825
0.99969 -0.0179877 -0.0173158
t: 2.13409 1.2228 1.16203

Intrinsic:
508.498 0 336
0 508.774 272
0 0 1
************* json format *************
Extrinsic:
[-0.0178679,-0.999815,0.00707175,2.13409],[-0.0174373,-0.00676014,-0.999825,1.2228],[0.99969,-0.0179877,-0.0173158,1.16203],[0,0,0,1]

Intrinsic:
[508.498,0,336],[0,508.774,272],[0,0,1]
=======
0.994163 0.0162166 -0.106663
-0.0193829 0.999399 -0.0287159
0.106133 0.0306183 0.993882
t: 0.0246369 -0.109037 0.0595912

Intrinsic:
508.582 0 963.203
0 508.628 769.818
0 0 1
************* json format *************
Extrinsic:
[0.994163,0.0162166,-0.106663,0.0246369],[-0.0193829,0.999399,-0.0287159,-0.109037],[0.106133,0.0306183,0.993882,0.0595912],[0,0,0,1]

Intrinsic:
[508.582,0,963.203],[0,508.628,769.818],[0,0,1]
>>>>>>> 38a7e901473e2eb7cd9f5f07a3e750ff014220b6

Distortion:
[0,0,0,0,0]