Extrinsic:
R:
<<<<<<< HEAD
0.0468006 0.998498 0.0284963
0.129601 0.0222165 -0.991317
-0.990462 0.0500884 -0.12837
t: 0.520715 2.66624 13.4601

Intrinsic:
1016.61 0 336
0 1016.73 272
0 0 1
************* json format *************
Extrinsic:
[0.0468006,0.998498,0.0284963,0.520715],[0.129601,0.0222165,-0.991317,2.66624],[-0.990462,0.0500884,-0.12837,13.4601],[0,0,0,1]

Intrinsic:
[1016.61,0,336],[0,1016.73,272],[0,0,1]
=======
-0.923133 -0.050965 -0.381086
0.0936723 -0.991122 -0.0943609
-0.372891 -0.122808 0.919713
t: -0.23017 -0.0536416 0.656011

Intrinsic:
1910.34 0 1917.7
0 1910.31 1081.44
0 0 1
************* json format *************
Extrinsic:
[-0.923133,-0.050965,-0.381086,-0.23017],[0.0936723,-0.991122,-0.0943609,-0.0536416],[-0.372891,-0.122808,0.919713,0.656011],[0,0,0,1]

Intrinsic:
[1910.34,0,1917.7],[0,1910.31,1081.44],[0,0,1]
>>>>>>> 38a7e901473e2eb7cd9f5f07a3e750ff014220b6

Distortion:
[0,0,0,0,0]