P2: 508.49782398 0 720.834 0 508.77410415 576.6898 0 0 1
D: 0 0 0 0 0
Tr: -0.994522 -0.00182427 0.104513 4.56915e-05 6.88468e-18 -0.999848 -0.0174524 0.155236 0.104528 -0.0173568 0.99437 0.0173913 

